1 1a 1 1.0
1 1a 2 1.0
1 1a 3 1.0
1 1a 4 1.0
1 1a 5 1.0
1 1a 6 1.0
1 1a 7 1.0
1 1a 8 1.0
1 1a 9 1.0
1 1a 10 1.0
1 1a 11 1.0
1 1a 12 1.0
1 1a 13 1.0
1 1a 14 1.0
1 1a 15 1.0
1 1a 16 1.0
1 1a 17 1.0
1 1a 18 1.0
1 1a 19 1.0
1 1a 20 1.0
1 1a 21 1.0
1 1a 22 1.0
1 1a 23 1.0
1 1b 1 1.0
1 1b 2 1.0
1 1b 3 1.0
1 1b 4 1.0
1 1b 5 1.0
1 1b 6 1.0
1 1b 7 1.0
1 1b 8 1.0
1 1b 9 1.0
1 1b 10 1.0
1 1b 11 1.0
1 1b 12 1.0
1 1b 13 1.0
1 1b 14 1.0
1 1b 15 1.0
1 1b 16 1.0
1 1b 17 1.0
1 1b 18 1.0
1 1b 19 1.0
1 1b 20 1.0
1 1b 21 1.0
1 1b 22 1.0
1 1b 23 1.0
1 1b 24 1.0
1 1b 25 1.0
1 1b 26 1.0
1 1b 27 1.0
1 1b 28 1.0
1 1b 29 1.0
1 1b 30 1.0
1 1b 31 1.0
1 1b 32 1.0
1 1b 33 1.0
1 1b 34 1.0
1 1b 35 1.0
1 1b 36 1.0
1 1b 37 1.0
1 1b 38 1.0
1 1b 39 1.0
1 1b 40 1.0
1 1b 41 1.0
1 1b 42 1.0
1 1b 43 1.0
1 1b 44 1.0
1 1b 45 1.0
1 1b 46 1.0
1 1b 47 1.0
1 1b 48 1.0
1 1b 49 1.0
1 1b 50 1.0
1 1b 51 1.0
1 1b 52 1.0
1 1b 53 1.0
1 1b 54 1.0
1 1b 55 1.0
1 1b 56 1.0
1 1b 57 1.0
1 1b 58 1.0
1 2b 1 1.0
1 2b 2 1.0
1 2b 3 1.0
1 2b 4 1.0
1 2b 5 1.0
1 2b 6 1.0
1 2b 7 1.0
1 2b 8 1.0
1 2b 9 1.0
1 2b 10 1.0
1 2b 11 1.0
2 1a 1 1.0
2 1a 2 1.0
2 1a 3 1.0
2 1a 4 1.0
2 1a 5 1.0
2 1a 6 1.0
2 1a 7 1.0
2 1a 8 1.0
2 1a 9 1.0
2 1a 10 1.0
2 1a 11 1.0
2 1a 12 1.0
2 1a 13 1.0
2 1a 14 1.0
2 1a 15 1.0
2 1a 16 1.0
2 1a 17 1.0
2 1a 18 1.0
2 1a 19 1.0
2 1a 20 1.0
2 1a 21 1.0
2 1a 22 1.0
2 1a 23 1.0
2 1b 1 1.0
2 1b 2 1.0
2 1b 3 1.0
2 1b 4 1.0
2 1b 5 1.0
2 1b 6 1.0
2 1b 7 1.0
2 1b 8 1.0
2 1b 9 1.0
2 1b 10 1.0
2 1b 11 1.0
2 1b 12 1.0
2 1b 13 1.0
2 1b 14 1.0
2 1b 15 1.0
2 1b 16 1.0
2 1b 17 1.0
2 1b 18 1.0
2 1b 19 1.0
2 1b 20 1.0
2 1b 21 1.0
2 1b 22 1.0
2 1b 23 1.0
2 1b 24 1.0
2 1b 25 1.0
2 1b 26 1.0
2 1b 27 1.0
2 1b 28 1.0
2 1b 29 1.0
2 1b 30 1.0
2 1b 31 1.0
2 1b 32 1.0
2 1b 33 1.0
2 1b 34 1.0
2 1b 35 1.0
2 1b 36 1.0
2 1b 37 1.0
2 1b 38 1.0
2 1b 39 1.0
2 1b 40 1.0
2 1b 41 1.0
2 1b 42 1.0
2 1b 43 1.0
2 1b 44 1.0
2 1b 45 1.0
2 1b 46 1.0
2 1b 47 1.0
2 1b 48 1.0
2 1b 49 1.0
2 1b 50 1.0
2 1b 51 1.0
2 1b 52 1.0
2 1b 53 1.0
2 1b 54 1.0
2 1b 55 1.0
2 1b 56 1.0
2 1b 57 1.0
2 1b 58 1.0
2 2b 1 1.0
2 2b 2 1.0
2 2b 3 1.0
2 2b 4 1.0
2 2b 5 1.0
2 2b 6 1.0
2 2b 7 1.0
2 2b 8 1.0
2 2b 9 1.0
2 2b 10 1.0
2 2b 11 1.0
3 1a 1 1.0
3 1a 2 1.0
3 1a 3 1.0
3 1a 4 1.0
3 1a 5 1.0
3 1a 6 1.0
3 1a 7 1.0
3 1a 8 1.0
3 1a 9 1.0
3 1a 10 1.0
3 1a 11 1.0
3 1a 12 1.0
3 1a 13 1.0
3 1a 14 1.0
3 1a 15 1.0
3 1a 16 1.0
3 1a 17 1.0
3 1a 18 1.0
3 1a 19 1.0
3 1a 20 1.0
3 1a 21 1.0
3 1a 22 1.0
3 1a 23 1.0
3 1b 1 1.0
3 1b 2 1.0
3 1b 3 1.0
3 1b 4 1.0
3 1b 5 1.0
3 1b 6 1.0
3 1b 7 1.0
3 1b 8 1.0
3 1b 9 1.0
3 1b 10 1.0
3 1b 11 1.0
3 1b 12 1.0
3 1b 13 1.0
3 1b 14 1.0
3 1b 15 1.0
3 1b 16 1.0
3 1b 17 1.0
3 1b 18 1.0
3 1b 19 1.0
3 1b 20 1.0
3 1b 21 1.0
3 1b 22 1.0
3 1b 23 1.0
3 1b 24 1.0
3 1b 25 1.0
3 1b 26 1.0
3 1b 27 1.0
3 1b 28 1.0
3 1b 29 1.0
3 1b 30 1.0
3 1b 31 1.0
3 1b 32 1.0
3 1b 33 1.0
3 1b 34 1.0
3 1b 35 1.0
3 1b 36 1.0
3 1b 37 1.0
3 1b 38 1.0
3 1b 39 1.0
3 1b 40 1.0
3 1b 41 1.0
3 1b 42 1.0
3 1b 43 1.0
3 1b 44 1.0
3 1b 45 1.0
3 1b 46 1.0
3 1b 47 1.0
3 1b 48 1.0
3 1b 49 1.0
3 1b 50 1.0
3 1b 51 1.0
3 1b 52 1.0
3 1b 53 1.0
3 1b 54 1.0
3 1b 55 1.0
3 1b 56 1.0
3 1b 57 1.0
3 1b 58 1.0
3 2b 1 1.0
3 2b 2 1.0
3 2b 3 1.0
3 2b 4 1.0
3 2b 5 1.0
3 2b 6 1.0
3 2b 7 1.0
3 2b 8 1.0
3 2b 9 1.0
3 2b 10 1.0
3 2b 11 1.0
4 1a 1 1.0
4 1a 2 1.0
4 1a 3 1.0
4 1a 4 1.0
4 1a 5 1.0
4 1a 6 1.0
4 1a 7 1.0
4 1a 8 1.0
4 1a 9 1.0
4 1a 10 1.0
4 1a 11 1.0
4 1a 12 1.0
4 1a 13 1.0
4 1a 14 1.0
4 1a 15 1.0
4 1a 16 1.0
4 1a 17 1.0
4 1a 18 1.0
4 1a 19 1.0
4 1a 20 1.0
4 1a 21 1.0
4 1a 22 1.0
4 1a 23 1.0
4 1b 1 1.0
4 1b 2 1.0
4 1b 3 1.0
4 1b 4 1.0
4 1b 5 1.0
4 1b 6 1.0
4 1b 7 1.0
4 1b 8 1.0
4 1b 9 1.0
4 1b 10 1.0
4 1b 11 1.0
4 1b 12 1.0
4 1b 13 1.0
4 1b 14 1.0
4 1b 15 1.0
4 1b 16 1.0
4 1b 17 1.0
4 1b 18 1.0
4 1b 19 1.0
4 1b 20 1.0
4 1b 21 1.0
4 1b 22 1.0
4 1b 23 1.0
4 1b 24 1.0
4 1b 25 1.0
4 1b 26 1.0
4 1b 27 1.0
4 1b 28 1.0
4 1b 29 1.0
4 1b 30 1.0
4 1b 31 1.0
4 1b 32 1.0
4 1b 33 1.0
4 1b 34 1.0
4 1b 35 1.0
4 1b 36 1.0
4 1b 37 1.0
4 1b 38 1.0
4 1b 39 1.0
4 1b 40 1.0
4 1b 41 1.0
4 1b 42 1.0
4 1b 43 1.0
4 1b 44 1.0
4 1b 45 1.0
4 1b 46 1.0
4 1b 47 1.0
4 1b 48 1.0
4 1b 49 1.0
4 1b 50 1.0
4 1b 51 1.0
4 1b 52 1.0
4 1b 53 1.0
4 1b 54 1.0
4 1b 55 1.0
4 1b 56 1.0
4 1b 57 1.0
4 1b 58 1.0
4 2b 1 1.0
4 2b 2 1.0
4 2b 3 1.0
4 2b 4 1.0
4 2b 5 1.0
4 2b 6 1.0
4 2b 7 1.0
4 2b 8 1.0
4 2b 9 1.0
4 2b 10 1.0
4 2b 11 1.0
5 1a 1 1.0
5 1a 2 1.0
5 1a 3 1.0
5 1a 4 1.0
5 1a 5 1.0
5 1a 6 1.0
5 1a 7 1.0
5 1a 8 1.0
5 1a 9 1.0
5 1a 10 1.0
5 1a 11 1.0
5 1a 12 1.0
5 1a 13 1.0
5 1a 14 1.0
5 1a 15 1.0
5 1a 16 1.0
5 1a 17 1.0
5 1a 18 1.0
5 1a 19 1.0
5 1a 20 1.0
5 1a 21 1.0
5 1a 22 1.0
5 1a 23 1.0
5 1b 1 1.0
5 1b 2 1.0
5 1b 3 1.0
5 1b 4 1.0
5 1b 5 1.0
5 1b 6 1.0
5 1b 7 1.0
5 1b 8 1.0
5 1b 9 1.0
5 1b 10 1.0
5 1b 11 1.0
5 1b 12 1.0
5 1b 13 1.0
5 1b 14 1.0
5 1b 15 1.0
5 1b 16 1.0
5 1b 17 1.0
5 1b 18 1.0
5 1b 19 1.0
5 1b 20 1.0
5 1b 21 1.0
5 1b 22 1.0
5 1b 23 1.0
5 1b 24 1.0
5 1b 25 1.0
5 1b 26 1.0
5 1b 27 1.0
5 1b 28 1.0
5 1b 29 1.0
5 1b 30 1.0
5 1b 31 1.0
5 1b 32 1.0
5 1b 33 1.0
5 1b 34 1.0
5 1b 35 1.0
5 1b 36 1.0
5 1b 37 1.0
5 1b 38 1.0
5 1b 39 1.0
5 1b 40 1.0
5 1b 41 1.0
5 1b 42 1.0
5 1b 43 1.0
5 1b 44 1.0
5 1b 45 1.0
5 1b 46 1.0
5 1b 47 1.0
5 1b 48 1.0
5 1b 49 1.0
5 1b 50 1.0
5 1b 51 1.0
5 1b 52 1.0
5 1b 53 1.0
5 1b 54 1.0
5 1b 55 1.0
5 1b 56 1.0
5 1b 57 1.0
5 1b 58 1.0
5 2b 1 1.0
5 2b 2 1.0
5 2b 3 1.0
5 2b 4 1.0
5 2b 5 1.0
5 2b 6 1.0
5 2b 7 1.0
5 2b 8 1.0
5 2b 9 1.0
5 2b 10 1.0
5 2b 11 1.0
6 1a 1 1.0
6 1a 2 1.0
6 1a 3 1.0
6 1a 4 1.0
6 1a 5 1.0
6 1a 6 1.0
6 1a 7 1.0
6 1a 8 1.0
6 1a 9 1.0
6 1a 10 1.0
6 1a 11 1.0
6 1a 12 1.0
6 1a 13 1.0
6 1a 14 1.0
6 1a 15 1.0
6 1a 16 1.0
6 1a 17 1.0
6 1a 18 1.0
6 1a 19 1.0
6 1a 20 1.0
6 1a 21 1.0
6 1a 22 1.0
6 1a 23 1.0
6 1b 1 1.0
6 1b 2 1.0
6 1b 3 1.0
6 1b 4 1.0
6 1b 5 1.0
6 1b 6 1.0
6 1b 7 1.0
6 1b 8 1.0
6 1b 9 1.0
6 1b 10 1.0
6 1b 11 1.0
6 1b 12 1.0
6 1b 13 1.0
6 1b 14 1.0
6 1b 15 1.0
6 1b 16 1.0
6 1b 17 1.0
6 1b 18 1.0
6 1b 19 1.0
6 1b 20 1.0
6 1b 21 1.0
6 1b 22 1.0
6 1b 23 1.0
6 1b 24 1.0
6 1b 25 1.0
6 1b 26 1.0
6 1b 27 1.0
6 1b 28 1.0
6 1b 29 1.0
6 1b 30 1.0
6 1b 31 1.0
6 1b 32 1.0
6 1b 33 1.0
6 1b 34 1.0
6 1b 35 1.0
6 1b 36 1.0
6 1b 37 1.0
6 1b 38 1.0
6 1b 39 1.0
6 1b 40 1.0
6 1b 41 1.0
6 1b 42 1.0
6 1b 43 1.0
6 1b 44 1.0
6 1b 45 1.0
6 1b 46 1.0
6 1b 47 1.0
6 1b 48 1.0
6 1b 49 1.0
6 1b 50 1.0
6 1b 51 1.0
6 1b 52 1.0
6 1b 53 1.0
6 1b 54 1.0
6 1b 55 1.0
6 1b 56 1.0
6 1b 57 1.0
6 1b 58 1.0
6 2b 1 1.0
6 2b 2 1.0
6 2b 3 1.0
6 2b 4 1.0
6 2b 5 1.0
6 2b 6 1.0
6 2b 7 1.0
6 2b 8 1.0
6 2b 9 1.0
6 2b 10 1.0
6 2b 11 1.0
